AKEBONO (EXOS-D)        
1 19822U 89016A   17054.43968774  .00028881  49063-6  58110-3 0  9994
2 19822  75.0338  60.9667 1934566 352.1975   5.2526 11.63314217895999
HST                     
1 20580U 90037B   17055.23964824  .00000731  00000-0  34286-4 0  9998
2 20580  28.4708  33.8089 0002855  43.3173  83.7895 15.08679798273213
POLAR                   
1 23802U 96013A   17052.44830688  .00000110  00000-0  00000+0 0  9991
2 23802  78.3654 272.9791 7427322 327.6078   3.6357  1.29842497100659
SWAS                    
1 25560U 98071A   17054.51391948  .00000373  00000-0  44120-4 0  9998
2 25560  69.8989 186.7123 0008585 337.9762  22.1024 14.93300642988570
ORSTED                  
1 25635U 99008B   17054.79578432  .00000073  00000-0  25394-4 0  9996
2 25635  96.4829 346.6755 0137391 248.8964 109.7501 14.47968398949826
CXO                     
1 25867U 99040B   17058.30087622  .00000673  00000-0  00000+0 0  9994
2 25867  74.6285 292.2821 6861264 254.7811   0.1534  0.37809983 15634
XMM-NEWTON              
1 25989U 99066A   17056.00734442  .00000053  00000-0  00000+0 0  9993
2 25989  68.6236   9.7412 8220867  95.6586   0.4821  0.50138707 20324
TERRA                   
1 25994U 99068A   17055.17471448 -.00000155  00000-0 -24259-4 0  9994
2 25994  98.2091 131.7792 0001279  77.6573 282.4749 14.57110323914214
CLUSTER II-FM6 (SALSA)  
1 26410U 00041A   17056.55829649 -.00000055  00000-0  00000+0 0  9995
2 26410 131.0558 331.9173 4612082 148.8642 359.4365  0.44195044 17005
CLUSTER II-FM7 (SAMBA)  
1 26411U 00041B   17056.54327459 -.00000208  00000-0  00000+0 0  9997
2 26411 130.0776 333.3899 5210052 156.3541 359.3977  0.44219214 17084
CLUSTER II-FM5 (RUMBA)  
1 26463U 00045A   17056.56085276 -.00000134  00000-0  00000+0 0  9996
2 26463 133.5935 331.5727 4914680 154.3207 359.4212  0.44218892 17589
CLUSTER II-FM8 (TANGO)  
1 26464U 00045B   17053.58735137 -.00000162  00000-0  00000+0 0  9995
2 26464 131.0485 331.8877 4613324 148.8015 249.5789  0.44218288 52900
ODIN                    
1 26702U 01007A   17054.83123419  .00000805  00000-0  57850-4 0  9995
2 26702  97.6164  73.1045 0012763  81.5533 278.7141 15.07008278874575
TIMED                   
1 26998U 01055B   17054.51551403  .00000207  00000-0  26681-4 0  9992
2 26998  74.0726 181.3052 0002186 257.4558 102.6378 14.87855316824576
RHESSI                  
1 27370U 02004A   17054.30456303  .00003720  00000-0  13835-3 0  9991
2 27370  38.0334  22.6740 0012047 209.1783 150.8314 15.27844926828847
INTEGRAL                
1 27540U 02048A   17057.21112393  .00001068  00000-0  00000+0 0  9998
2 27540  50.3145 194.0591 8188441 260.9492   0.4926  0.37589382 13889
CORIOLIS                
1 27640U 03001A   17054.57334626  .00000021  00000-0  31012-4 0  9990
2 27640  98.7460  66.3231 0013012 274.1731 193.8259 14.18933399731837
SORCE                   
1 27651U 03004A   17054.52775874  .00000252  00000-0  40810-4 0  9996
2 27651  39.9946 235.0741 0022038 162.4562 197.6992 14.88588487763859
MOST                    
1 27843U 03031D   17054.99649036  .00000001  00000-0  20790-4 0  9997
2 27843  98.7152  64.7385 0009615 346.3350  13.7565 14.20544859707885
SCISAT 1                
1 27858U 03036A   17054.45713730  .00000115  00000-0  21331-4 0  9990
2 27858  73.9324  52.6400 0008176 191.0411 169.0585 14.77109741728985
SWIFT                   
1 28485U 04047A   17054.51473112  .00001247  00000-0  56932-4 0  9996
2 28485  20.5558 209.3284 0011261 242.2640 117.6652 15.03584783671076
FORMOSAT-3 FM6          
1 29047U 06011A   17054.18910351  .00000006  00000-0  18694-4 0  9993
2 29047  71.9787  59.7888 0050906 346.1016  13.8715 14.28562803568484
FORMOSAT-3 FM1          
1 29048U 06011B   17054.87564220  .00000070  00000-0  44209-4 0  9992
2 29048  71.9693 330.6636 0045807 301.4558 122.5684 14.28500992571075
FORMOSAT-3 FM5          
1 29049U 06011C   17054.64328767  .00000120  00000-0  63737-4 0  9995
2 29049  72.0205 135.9541 0035838 338.0779  21.8822 14.28544479566811
FORMOSAT-3 FM3          
1 29050U 06011D   17054.43547010  .00000238  00000-0  60811-4 0  9998
2 29050  72.0158  45.6682 0050070   0.7629 359.3590 14.58455548579989
FORMOSAT-3 FM4          
1 29051U 06011E   17054.17632114  .00000048  00000-0  34649-4 0  9999
2 29051  72.0059  41.1758 0070024 218.9256 140.6828 14.28566138569333
FORMOSAT-3 FM2          
1 29052U 06011F   17054.18759950  .00000095  00000-0  53821-4 0  9994
2 29052  72.0339 111.7782 0042092 302.9450  56.7641 14.28655409567653
CLOUDSAT                
1 29107U 06016A   17054.85320582  .00000215  00000-0  57707-4 0  9990
2 29107  98.2077   0.5154 0002041  69.1155 291.0262 14.57108758575929
CALIPSO                 
1 29108U 06016B   17054.85205299  .00000163  00000-0  46203-4 0  9999
2 29108  98.2100   0.0629 0001323  80.4474 279.6874 14.57111362575859
HINODE (SOLAR-B)        
1 29479U 06041A   17055.12271794  .00000131  00000-0  33599-4 0  9991
2 29479  98.1654  60.4206 0016488 209.9216 150.1046 14.64792293556842
SJ-6C                   
1 29505U 06046A   17055.18228541  .00000312  00000-0  34467-4 0  9990
2 29505  97.8186  57.5967 0004550  97.2463 262.9245 14.94291910562997
SJ-6D                   
1 29506U 06046B   17055.20322116 -.00000047  00000-0  92375-6 0  9997
2 29506  97.8364  56.8510 0002441 139.9885 220.1530 14.93233468562694
AGILE                   
1 31135U 07013A   17054.02277296  .00003233  00000-0  72096-4 0  9995
2 31135   2.4676 277.7445 0012901  21.2979 338.7611 15.29273755546201
AIM                     
1 31304U 07015A   17055.05343887  .00001534  00000-0  93886-4 0  9991
2 31304  97.9916 228.7715 0005902 149.7751 210.3819 15.11842504537848
FGRST (GLAST)           
1 33053U 08029A   17054.40940186  .00000736  00000-0  25857-4 0  9999
2 33053  25.5833  57.9852 0012766  47.4493 312.7118 15.10825734480091
IBEX                    
1 33401U 08051A   17046.30122294 -.00002781  00000-0  00000+0 0  9994
2 33401  21.4241  93.8181 6101883  23.0685   2.3234  0.10818784  3529
WISE                    
1 36119U 09071A   17054.16552420  .00001293  00000-0  50109-4 0  9993
2 36119  97.4622  81.8740 0003152  30.5412 329.6010 15.27977574398865
SDO                     
1 36395U 10005A   17055.21343674 -.00000086  00000-0  00000+0 0  9994
2 36395  28.6414 142.4602 0001792 155.7419 190.5388  1.00276690 25937
CRYOSAT 2               
1 36508U 10013A   17054.52920696  .00000065  00000-0  15227-4 0  9995
2 36508  92.0211 174.8809 0008300  25.6252 334.5365 14.52176823364662
GCOM-W1 (SHIZUKU)       
1 38337U 12025A   17054.86088648  .00000102  00000-0  32777-4 0  9992
2 38337  98.2068 356.7380 0001704  70.5875 355.3198 14.57130501253859
NUSTAR                  
1 38358U 12031A   17055.02711314  .00001190  00000-0  52063-4 0  9992
2 38358   6.0273  50.5100 0011516 105.6010 254.5390 14.87660142255565
RBSP A                  
1 38752U 12046A   17053.72860108 -.00000071  00000-0 -53619-3 0  9993
2 38752   9.7972 246.0730 6821311  31.6829 355.5198  2.68125417 43801
RBSP B                  
1 38753U 12046B   17054.40733391 -.00000080  00000-0 -85737-3 0  9999
2 38753   9.8439 254.9942 6834453  14.7684 358.0460  2.65147817 43542
NEOSSAT                 
1 39089U 13009D   17055.16489365  .00000020  00000-0  22781-4 0  9998
2 39089  98.5632 259.7088 0009937 273.6808  86.3240 14.34373371209195
BRITE-AUSTRIA           
1 39091U 13009F   17055.15100245  .00000030  00000-0  25933-4 0  9990
2 39091  98.5598 261.0038 0009423 285.1604  74.8539 14.35015063209287
UNIBRITE                
1 39092U 13009G   17054.79181372  .00000033  00000-0  27213-4 0  9996
2 39092  98.5605 260.3509 0008285 278.9608  81.0639 14.34887754209218
IRIS                    
1 39197U 13033A   17054.52161491  .00000257  00000-0  42328-4 0  9992
2 39197  97.9218 237.8096 0027881 180.3936 179.7258 14.78350912197318
HISAKI (SPRINT-A)       
1 39253U 13049A   17054.51748586  .00000039  00000-0 -37318-4 0  9999
2 39253  29.7184 222.0451 0136864 178.3367 181.7678 13.55167608170800
CASSIOPE                
1 39265U 13055A   17055.20402719  .00007539  00000-0  22418-3 0  9996
2 39265  80.9726 131.8881 0691949 219.6879 135.1687 14.21779806175446
DANDE                   
1 39267U 13055C   17054.55964062  .00004312  00000-0  13106-3 0  9999
2 39267  81.0156 142.1713 0715916 237.2848 115.7365 14.16234918174944
STSAT-3                 
1 39422U 13066G   17055.14893666  .00000390  00000-0  46700-4 0  9990
2 39422  97.6715 121.1841 0021642 247.8256 112.0681 14.89377346177101
BRITE-PL                
1 39431U 13066R   17054.90743010  .00000173  00000-0  46254-4 0  9993
2 39431  97.6950  42.7877 0204078 106.3115 256.0629 14.46807141172074
SWARM B                 
1 39451U 13067A   17055.18947934  .00000619  00000-0  26429-4 0  9995
2 39451  87.7494 281.6650 0003750  99.6954 260.4715 15.20893127180673
SWARM A                 
1 39452U 13067B   17054.21256554  .00002000  00000-0  46249-4 0  9998
2 39452  87.3498 211.9609 0003508  83.2106 276.9549 15.41793273182575
SWARM C                 
1 39453U 13067C   17054.21247919  .00001982  00000-0  45821-4 0  9997
2 39453  87.3497 213.3755 0003491  82.5997 277.5655 15.41792337182535
BRITE-TORONTO           
1 40020U 14033L   17055.10459227  .00000150  00000-0  34476-4 0  9999
2 40020  97.8537 290.8432 0086951 327.5008  32.0860 14.66356053143511
OCO 2                   
1 40059U 14035A   17054.84604627  .00000053  00000-0  21752-4 0  9994
2 40059  98.2278 357.9397 0001228  70.0073 290.1257 14.57104283140892
BRITE-PL 2              
1 40119U 14049B   17054.20481384  .00000219  00000-0  32684-4 0  9999
2 40119  97.9414 140.6930 0019002 100.8992 259.4362 14.84078936136253
RESURS P2               
1 40360U 14087A   17055.05722399  .00001856  00000-0  62109-4 0  9990
2 40360  97.2772 150.7265 0010076 166.0108 319.5163 15.32184262121063
MMS 1                   
1 40482U 15011A   17052.89236111 -.00000259  00000-0  00000+0 0  9998
2 40482  28.4869 312.2089 8471767 148.0903 325.8587  0.75147887  7144
MMS 2                   
1 40483U 15011B   17048.90656250 -.00000389  00000-0  00000+0 0  9990
2 40483  28.5174 312.4333 8351395 147.5640 198.9066  0.83998404  7098
MMS 3                   
1 40484U 15011C   17054.19519205 -.00000174  00000-0  00000+0 0  9999
2 40484  28.5201 312.0589 8355471 148.2453   0.1273  0.83987897  7153
MMS 4                   
1 40485U 15011D   17054.02814815 -.00000199  00000-0  00000+0 0  9994
2 40485  28.4895 312.1641 8465706 148.1862 241.0108  0.75144230  7136
ASTROSAT                
1 40930U 15052A   17053.53806857  .00000814  00000-0  25623-4 0  9992
2 40930   5.9964 332.1877 0008375  56.8301 303.2633 14.76087291 75982
DAMPE                   
1 41173U 15078A   17055.22957383  .00000092  00000-0  67256-5 0  9996
2 41173  97.2911  66.4606 0013257 187.3629 234.4352 15.23513616 66265
PISAT                   
1 41784U 16059B   17055.12393539  .00000163  00000-0  40836-4 0  9993
2 41784  98.1825 117.6718 0032774 153.0914 207.1996 14.63179587 22049

