METEOSAT-7              
1 24932U 97049B   17053.52231055  .00000045  00000-0  00000-0 0  9997
2 24932  10.5203  38.2805 0001727 299.7637  60.2995  1.00274108 71304
NOAA 15                 
1 25338U 98030A   17054.52933846  .00000031  00000-0  32132-4 0  9997
2 25338  98.7850  65.1967 0010749 171.1254 189.0118 14.25778344976810
METEOSAT-8 (MSG-1)      
1 27509U 02040B   17054.14646466  .00000134  00000-0  00000+0 0  9990
2 27509   4.6429  58.7814 0000150 200.4248 348.0066  1.00271891 53148
KALPANA-1 (METSAT 1)    
1 27525U 02043A   17053.52847223 -.00000083  00000-0  00000-0 0  9991
2 27525   6.1592  55.9897 0015693 233.2057 126.8203  1.00273249 52956
INSAT-3A                
1 27714U 03013A   17054.40081862 -.00000163  00000-0  00000+0 0  9994
2 27714   0.9149  88.6556 0016277 230.4584 255.3959  0.99800424 50844
NOAA 18                 
1 28654U 05018A   17054.56261913  .00000040  00000-0  47221-4 0  9993
2 28654  99.1910  73.9520 0014763  33.9654 326.2459 14.12326106606226
METEOSAT-9 (MSG-2)      
1 28912U 05049B   17054.28564146  .00000052  00000-0  00000+0 0  9999
2 28912   1.9813  70.5463 0000678  42.2247 152.7479  1.00268197 40972
HIMAWARI-7 (MTSAT-2)    
1 28937U 06004A   17054.51219333 -.00000252  00000-0  00000+0 0  9992
2 28937   0.0208 231.2866 0003898 109.4174 142.2691  1.00272680 40255
FORMOSAT-3 FM6          
1 29047U 06011A   17054.18910351  .00000006  00000-0  18694-4 0  9993
2 29047  71.9787  59.7888 0050906 346.1016  13.8715 14.28562803568484
FORMOSAT-3 FM1          
1 29048U 06011B   17054.87564220  .00000070  00000-0  44209-4 0  9992
2 29048  71.9693 330.6636 0045807 301.4558 122.5684 14.28500992571075
FORMOSAT-3 FM5          
1 29049U 06011C   17054.64328767  .00000120  00000-0  63737-4 0  9995
2 29049  72.0205 135.9541 0035838 338.0779  21.8822 14.28544479566811
FORMOSAT-3 FM3          
1 29050U 06011D   17054.43547010  .00000238  00000-0  60811-4 0  9998
2 29050  72.0158  45.6682 0050070   0.7629 359.3590 14.58455548579989
FORMOSAT-3 FM4          
1 29051U 06011E   17054.17632114  .00000048  00000-0  34649-4 0  9999
2 29051  72.0059  41.1758 0070024 218.9256 140.6828 14.28566138569333
FORMOSAT-3 FM2          
1 29052U 06011F   17054.18759950  .00000095  00000-0  53821-4 0  9994
2 29052  72.0339 111.7782 0042092 302.9450  56.7641 14.28655409567653
GOES 13                 
1 29155U 06018A   17054.77956534 -.00000261  00000-0  00000+0 0  9999
2 29155   0.4151 272.7424 0004829 128.7530 318.5184  1.00270497 39420
METOP-A                 
1 29499U 06044A   17054.56065946  .00000009  00000-0  23924-4 0  9998
2 29499  98.6942 116.0018 0001926 124.3021  12.7919 14.21490404536991
FENGYUN 2D              
1 29640U 06053A   17053.53258979 -.00000369  00000-0  10000-3 0  9992
2 29640   4.2408  64.9779 0004379 329.4418  73.5198  1.00266569 37454
FENGYUN 3A              
1 32958U 08026A   17055.23563971  .00000002  00000-0  20293-4 0  9999
2 32958  98.4216  89.4872 0008501 247.5791 112.4485 14.19650642453315
FENGYUN 2E              
1 33463U 08066A   17054.84706340 -.00000208  00000-0  00000+0 0  9998
2 33463   1.9691  66.3468 0003345 211.0521 267.5839  1.00284082 29991
NOAA 19                 
1 33591U 09005A   17054.55134921  .00000119  00000-0  89677-4 0  9994
2 33591  99.0780  19.8524 0013150 229.5045 130.4981 14.12155514414613
GOES 14                 
1 35491U 09033A   17053.86435624 -.00000104  00000-0  00000+0 0  9996
2 35491   0.0346 126.1389 0006404 116.7203 117.0536  1.00273258 28057
METEOR-M 1              
1 35865U 09049A   17055.11210077  .00000037  00000-0  35399-4 0  9999
2 35865  98.4323  81.7925 0003491 110.6292 249.5261 14.22098697386035
GOES 15                 
1 36411U 10008A   17053.95075771  .00000080  00000-0  00000+0 0  9998
2 36411   0.0485 239.8022 0001094 256.9997 223.1845  1.00277268 25589
COMS 1                  
1 36744U 10032A   17054.90534338 -.00000354  00000-0  00000+0 0  9994
2 36744   0.0132 116.3377 0001029 257.9727 233.7798  1.00271272 24558
FENGYUN 3B              
1 37214U 10059A   17055.18248179  .00000014  00000-0  29745-4 0  9996
2 37214  98.8799  14.3612 0017944  99.3371 260.9833 14.15841809326556
ELEKTRO-L 1 (GOMS 2)    
1 37344U 11001A   17054.34843844 -.00000214  00000-0  00000+0 0  9996
2 37344   2.2074  78.3684 0004495 267.6053 265.9366  1.00237009 22367
SUOMI NPP               
1 37849U 11061A   17054.54338042  .00000001  00000-0  20975-4 0  9994
2 37849  98.7260 354.8557 0001842  97.8226   7.4456 14.19560211275966
FENGYUN 2F              
1 38049U 12002A   17054.82168969 -.00000367  00000-0  00000+0 0  9991
2 38049   1.4845  77.9715 0001911 152.5141 330.9975  1.00283641 18791
METEOSAT-10 (MSG-3)     
1 38552U 12035B   17053.57626441 -.00000015  00000-0  00000+0 0  9991
2 38552   0.7042  45.8860 0000440 183.8772 130.2118  1.00266988 17119
METOP-B                 
1 38771U 12049A   17054.86741219  .00000002  00000-0  20945-4 0  9993
2 38771  98.6945 116.8499 0001306 147.3487 284.0268 14.21491163230176
FENGYUN 3C              
1 39260U 13052A   17055.07118833 -.00000005  00000-0  18121-4 0  9993
2 39260  98.6608 127.3207 0001002  58.0218 302.1057 14.19640197177339
METEOR-M 2              
1 40069U 14037A   17055.12174272 -.00000044  00000-0 -15027-6 0  9999
2 40069  98.6708 112.1110 0005561 169.6052 190.5245 14.20639341136506
HIMAWARI-8              
1 40267U 14060A   17054.18353382 -.00000285  00000-0  00000+0 0  9995
2 40267   0.0483 295.6843 0000922  74.8164 349.4791  1.00272260  8764
FENGYUN 2G              
1 40367U 14090A   17053.73076193 -.00000336  00000-0  00000+0 0  9998
2 40367   0.6698 264.3816 0001304 289.5032 326.3246  1.00261179  7930
METEOSAT-11 (MSG-4)     
1 40732U 15034A   17053.27126477 -.00000037  00000-0  00000+0 0  9991
2 40732   2.0296 246.9838 0001872  63.5149 296.0367  1.00276639  5937
ELEKTRO-L 2             
1 41105U 15074A   17054.69924700 -.00000107  00000-0  00000+0 0  9990
2 41105   0.0797 295.2078 0001715 110.9571  75.3934  1.00272451  4420
HIMAWARI-9              
1 41836U 16064A   17054.18329152 -.00000285  00000-0  00000+0 0  9992
2 41836   0.0408 290.8042 0001123  79.7202 349.4559  1.00271032  1203
GOES 16                 
1 41866U 16071A   17053.82385592 -.00000192  00000-0  00000+0 0  9990
2 41866   0.0574 299.0198 0001814  76.3241 344.6392  1.00272282  1004
FENGYUN 4A              
1 41882U 16077A   17054.91298066 -.00000309  00000-0  00000+0 0  9994
2 41882   0.2427 271.6866 0002923 194.1164 116.1557  1.00265999   881
CYGFM05                 
1 41884U 16078A   17054.21409384  .00000769  00000-0  43803-4 0  9999
2 41884  34.9588  11.7889 0016063  44.3502 315.8493 15.13410359 10569
CYGFM04                 
1 41885U 16078B   17054.19706465  .00002306  00000-0  12645-3 0  9995
2 41885  34.9485  11.6156 0014860  42.0797 318.1060 15.13762940 10568
CYGFM02                 
1 41886U 16078C   17054.20399535  .00000828  00000-0  46778-4 0  9996
2 41886  34.9601  11.7164 0015442  42.5096 317.6830 15.13612600 10569
CYGFM01                 
1 41887U 16078D   17054.21816652  .00000961  00000-0  54409-4 0  9990
2 41887  34.9554  11.8063 0016398  44.9685 315.2352 15.13326897 10560
CYGFM08                 
1 41888U 16078E   17055.20010081  .00000785  00000-0  44576-4 0  9991
2 41888  34.9528   5.5947 0015809  53.1350 307.0810 15.13481819 10700
CYGFM06                 
1 41889U 16078F   17055.24577910  .00000801  00000-0  44980-4 0  9993
2 41889  34.9608   5.0572 0014409  50.3165 309.8817 15.13908726 10716
CYGFM07                 
1 41890U 16078G   17055.24222727  .00000762  00000-0  42750-4 0  9997
2 41890  34.9538   4.9992 0013752  50.5734 309.6194 15.13981495 10718
CYGFM03                 
1 41891U 16078H   17054.18344391  .00000634  00000-0  35846-4 0  9998
2 41891  34.9574  11.5322 0013308  40.7505 319.4207 15.14049447 10553

